1
31
4513144112315203513524111202110
0230324554405303003203203350103
1233043535101251155252203524141
1522455054150401443324315511252
3133200321233135131245301111450
1514253500045001021100422034225
4140000113021233002104002252255
2211213312054130503410412140004
4241155515553152324555321252104
3452535242305511113050015154405
0205005542341414554155215211000
1025420453331202130502542320253
5023300401232215351255301445043
5134351405510305035122410404502
4443434332204441123354024411405
0143105502301300011120240345340
5240111435551305540545252342004
0050515343531543005202221354105
3432432135232130410251503020431
5142322012413233042225101551410
3154034253451352013051240223252
3334123322331204253221254223413
1203031334314413151501320351344
1515100003051423555541511431122
0021051242111212545304104441435
2551005410400454200325422230434
0402434340512135541312212101504
5303504331231321221531521215323
4321214141221110423142333324134
2003201430430412110223055320034
2550454412410252310153055212331